slope:  0.06528650008841362
cept: 1.957349489900425