slope:  0.05795035387612868
cept: 2.4948997109630833